[ [136.0, 195.0, 139.0, 173.0, 247.0, 89.0, 133.0, 156.0, 76.0, 129.0, 250.0, 202.0, 56.0, 14.0, 149.0, 121.0, 113.0, 93.0, 86.0, 205.0, 41.0, 173.0, 68.0, 96.0, 133.0, 119.0, 178.0, 102.0, 149.0, 233.0, 183.0, 7.0, 54.0, 189.0, 93.0, 98.0, 42.0, 181.0, 117.0, 35.0, 92.0, 132.0, 8.0, 157.0, 13.0, 190.0, 201.0, 101.0, 253.0, 174.0]]
[ [113.0, 103.0, 87.0, 198.0, 109.0, 24.0, 81.0, 132.0, 186.0, 142.0, 89.0, 83.0, 120.0, 94.0, 192.0, 153.0, 228.0, 84.0, 97.0, 54.0, 88.0, 204.0, 32.0, 35.0, 163.0, 118.0, 171.0, 139.0, 159.0, 97.0, 40.0, 184.0, 6.0, 55.0, 165.0, 54.0, 61.0, 144.0, 182.0, 194.0, 83.0, 45.0, 50.0, 72.0, 228.0, 2.0, 233.0, 206.0, 200.0, 21.0]]
[ [141.0, 113.0, 41.0, 73.0, 67.0, 137.0, 231.0, 148.0, 149.0, 89.0, 38.0, 125.0, 229.0, 121.0, 83.0, 48.0, 217.0, 199.0, 100.0, 35.0, 216.0, 83.0, 58.0, 40.0, 80.0, 117.0, 217.0, 69.0, 169.0, 126.0, 224.0, 15.0, 234.0, 217.0, 20.0, 213.0, 46.0, 114.0, 181.0, 69.0, 61.0, 130.0, 184.0, 238.0, 0.0, 140.0, 42.0, 101.0, 96.0, 52.0]]
[ [167.0, 81.0, 138.0, 119.0, 87.0, 205.0, 180.0, 191.0, 114.0, 250.0, 171.0, 107.0, 67.0, 53.0, 174.0, 94.0, 239.0, 35.0, 223.0, 124.0, 202.0, 40.0, 3.0, 128.0, 30.0, 96.0, 141.0, 136.0, 167.0, 200.0, 115.0, 14.0, 200.0, 221.0, 157.0, 155.0, 138.0, 243.0, 57.0, 147.0, 182.0, 201.0, 196.0, 88.0, 201.0, 100.0, 191.0, 69.0, 173.0, 68.0]]
[ [212.0, 141.0, 116.0, 188.0, 109.0, 130.0, 217.0, 232.0, 142.0, 5.0, 144.0, 206.0, 139.0, 42.0, 163.0, 43.0, 145.0, 171.0, 85.0, 164.0, 22.0, 80.0, 148.0, 98.0, 238.0, 84.0, 103.0, 252.0, 9.0, 196.0, 71.0, 33.0, 160.0, 184.0, 61.0, 205.0, 11.0, 83.0, 252.0, 31.0, 103.0, 205.0, 223.0, 152.0, 167.0, 8.0, 3.0, 106.0, 33.0, 55.0]]
[ [183.0, 226.0, 71.0, 85.0, 192.0, 22.0, 77.0, 117.0, 6.0, 41.0, 212.0, 210.0, 159.0, 237.0, 148.0, 59.0, 40.0, 46.0, 140.0, 36.0, 35.0, 215.0, 133.0, 194.0, 243.0, 7.0, 229.0, 180.0, 184.0, 250.0, 61.0, 228.0, 232.0, 253.0, 113.0, 37.0, 225.0, 94.0, 165.0, 129.0, 47.0, 106.0, 184.0, 190.0, 223.0, 39.0, 28.0, 5.0, 247.0, 76.0]]
[ [138.0, 175.0, 2.0, 9.0, 210.0, 231.0, 235.0, 71.0, 229.0, 167.0, 90.0, 157.0, 212.0, 165.0, 71.0, 1.0, 173.0, 41.0, 159.0, 181.0, 220.0, 255.0, 54.0, 192.0, 156.0, 249.0, 206.0, 151.0, 43.0, 73.0, 250.0, 27.0, 126.0, 60.0, 14.0, 81.0, 96.0, 33.0, 170.0, 83.0, 135.0, 38.0, 78.0, 236.0, 16.0, 74.0, 37.0, 185.0, 205.0, 149.0]]
[ [8.0, 108.0, 253.0, 60.0, 56.0, 32.0, 72.0, 167.0, 155.0, 220.0, 81.0, 158.0, 227.0, 202.0, 109.0, 1.0, 186.0, 162.0, 222.0, 21.0, 6.0, 230.0, 113.0, 153.0, 129.0, 144.0, 101.0, 211.0, 205.0, 199.0, 140.0, 227.0, 205.0, 211.0, 51.0, 182.0, 149.0, 142.0, 6.0, 100.0, 171.0, 240.0, 243.0, 44.0, 40.0, 220.0, 191.0, 87.0, 215.0, 148.0]]
[ [71.0, 198.0, 155.0, 106.0, 236.0, 104.0, 92.0, 193.0, 9.0, 23.0, 87.0, 77.0, 51.0, 109.0, 212.0, 76.0, 83.0, 123.0, 68.0, 121.0, 214.0, 203.0, 213.0, 62.0, 30.0, 107.0, 105.0, 9.0, 206.0, 93.0, 127.0, 218.0, 84.0, 84.0, 203.0, 88.0, 143.0, 201.0, 112.0, 137.0, 78.0, 50.0, 199.0, 175.0, 41.0, 166.0, 177.0, 201.0, 89.0, 235.0]]
[ [155.0, 188.0, 181.0, 57.0, 157.0, 183.0, 129.0, 227.0, 100.0, 125.0, 161.0, 102.0, 41.0, 96.0, 50.0, 103.0, 104.0, 137.0, 62.0, 22.0, 94.0, 76.0, 85.0, 72.0, 242.0, 236.0, 253.0, 110.0, 99.0, 36.0, 109.0, 118.0, 248.0, 232.0, 107.0, 78.0, 230.0, 108.0, 5.0, 136.0, 242.0, 234.0, 90.0, 211.0, 73.0, 135.0, 248.0, 209.0, 129.0, 2.0]]
[ [241.0, 26.0, 118.0, 22.0, 169.0, 10.0, 176.0, 5.0, 90.0, 7.0, 254.0, 229.0, 237.0, 182.0, 217.0, 46.0, 123.0, 168.0, 159.0, 47.0, 132.0, 23.0, 132.0, 232.0, 211.0, 189.0, 13.0, 12.0, 87.0, 210.0, 224.0, 182.0, 221.0, 220.0, 140.0, 47.0, 58.0, 145.0, 209.0, 0.0, 110.0, 28.0, 162.0, 233.0, 236.0, 133.0, 218.0, 146.0, 146.0, 96.0]]
[ [231.0, 183.0, 39.0, 6.0, 182.0, 52.0, 242.0, 5.0, 184.0, 22.0, 21.0, 143.0, 171.0, 180.0, 90.0, 102.0, 141.0, 110.0, 54.0, 4.0, 95.0, 252.0, 64.0, 116.0, 79.0, 110.0, 191.0, 116.0, 29.0, 193.0, 20.0, 187.0, 41.0, 205.0, 224.0, 126.0, 98.0, 64.0, 34.0, 64.0, 17.0, 221.0, 198.0, 54.0, 177.0, 83.0, 44.0, 15.0, 73.0, 220.0]]
[ [70.0, 138.0, 169.0, 219.0, 125.0, 185.0, 15.0, 6.0, 3.0, 55.0, 153.0, 41.0, 53.0, 165.0, 181.0, 245.0, 133.0, 231.0, 192.0, 149.0, 141.0, 249.0, 103.0, 136.0, 65.0, 78.0, 221.0, 210.0, 142.0, 185.0, 242.0, 14.0, 172.0, 5.0, 151.0, 1.0, 49.0, 218.0, 255.0, 238.0, 165.0, 122.0, 211.0, 194.0, 33.0, 93.0, 79.0, 40.0, 15.0, 122.0]]
[ [12.0, 142.0, 120.0, 221.0, 185.0, 157.0, 90.0, 177.0, 87.0, 229.0, 154.0, 147.0, 221.0, 212.0, 192.0, 35.0, 197.0, 171.0, 239.0, 146.0, 173.0, 70.0, 112.0, 168.0, 132.0, 8.0, 184.0, 230.0, 55.0, 9.0, 122.0, 101.0, 57.0, 230.0, 91.0, 51.0, 109.0, 168.0, 95.0, 184.0, 200.0, 195.0, 122.0, 210.0, 244.0, 156.0, 77.0, 54.0, 232.0, 81.0]]
[ [241.0, 134.0, 77.0, 183.0, 146.0, 22.0, 160.0, 176.0, 93.0, 174.0, 43.0, 38.0, 192.0, 251.0, 40.0, 156.0, 35.0, 66.0, 40.0, 117.0, 213.0, 19.0, 77.0, 31.0, 237.0, 239.0, 102.0, 40.0, 83.0, 87.0, 253.0, 172.0, 162.0, 130.0, 73.0, 246.0, 175.0, 35.0, 80.0, 142.0, 81.0, 251.0, 226.0, 184.0, 126.0, 112.0, 237.0, 171.0, 39.0, 6.0]]
[ [54.0, 128.0, 238.0, 201.0, 140.0, 154.0, 158.0, 220.0, 12.0, 2.0, 169.0, 92.0, 192.0, 197.0, 31.0, 80.0, 174.0, 173.0, 234.0, 193.0, 72.0, 49.0, 31.0, 140.0, 127.0, 109.0, 179.0, 163.0, 155.0, 27.0, 82.0, 206.0, 18.0, 255.0, 79.0, 237.0, 123.0, 46.0, 203.0, 178.0, 12.0, 53.0, 253.0, 24.0, 238.0, 158.0, 35.0, 179.0, 237.0, 80.0]]
[ [116.0, 239.0, 23.0, 184.0, 162.0, 251.0, 126.0, 182.0, 34.0, 114.0, 23.0, 221.0, 248.0, 44.0, 132.0, 19.0, 135.0, 120.0, 71.0, 4.0, 185.0, 109.0, 47.0, 208.0, 184.0, 101.0, 201.0, 238.0, 235.0, 250.0, 117.0, 75.0, 27.0, 156.0, 204.0, 82.0, 14.0, 97.0, 153.0, 20.0, 215.0, 35.0, 119.0, 8.0, 222.0, 202.0, 222.0, 163.0, 214.0, 214.0]]
[ [233.0, 71.0, 132.0, 11.0, 118.0, 166.0, 63.0, 132.0, 113.0, 117.0, 129.0, 173.0, 166.0, 33.0, 92.0, 117.0, 151.0, 254.0, 151.0, 169.0, 39.0, 246.0, 76.0, 77.0, 104.0, 230.0, 245.0, 152.0, 195.0, 83.0, 168.0, 158.0, 230.0, 109.0, 177.0, 196.0, 99.0, 218.0, 31.0, 61.0, 123.0, 98.0, 6.0, 220.0, 164.0, 234.0, 113.0, 40.0, 199.0, 252.0]]
[ [31.0, 50.0, 116.0, 143.0, 171.0, 222.0, 29.0, 79.0, 68.0, 219.0, 28.0, 43.0, 88.0, 246.0, 175.0, 109.0, 30.0, 168.0, 127.0, 176.0, 138.0, 87.0, 87.0, 78.0, 94.0, 142.0, 120.0, 178.0, 232.0, 143.0, 181.0, 110.0, 125.0, 30.0, 147.0, 58.0, 186.0, 158.0, 76.0, 233.0, 134.0, 146.0, 146.0, 88.0, 183.0, 36.0, 54.0, 115.0, 190.0, 72.0]]
[ [148.0, 25.0, 196.0, 218.0, 252.0, 80.0, 215.0, 196.0, 17.0, 73.0, 48.0, 66.0, 22.0, 183.0, 205.0, 233.0, 36.0, 223.0, 219.0, 204.0, 169.0, 170.0, 240.0, 189.0, 46.0, 155.0, 200.0, 207.0, 34.0, 129.0, 160.0, 212.0, 40.0, 149.0, 234.0, 153.0, 95.0, 162.0, 63.0, 157.0, 158.0, 236.0, 178.0, 38.0, 57.0, 7.0, 91.0, 185.0, 154.0, 222.0]]
[ [188.0, 63.0, 119.0, 67.0, 183.0, 3.0, 141.0, 216.0, 76.0, 105.0, 51.0, 141.0, 214.0, 62.0, 168.0, 200.0, 154.0, 146.0, 49.0, 89.0, 233.0, 29.0, 189.0, 87.0, 228.0, 88.0, 175.0, 161.0, 149.0, 232.0, 115.0, 2.0, 28.0, 153.0, 153.0, 203.0, 184.0, 47.0, 49.0, 73.0, 131.0, 72.0, 73.0, 139.0, 153.0, 210.0, 209.0, 98.0, 253.0, 146.0]]
[ [107.0, 185.0, 35.0, 5.0, 7.0, 193.0, 225.0, 14.0, 211.0, 83.0, 146.0, 79.0, 242.0, 239.0, 54.0, 6.0, 172.0, 80.0, 218.0, 17.0, 96.0, 220.0, 181.0, 236.0, 153.0, 246.0, 84.0, 208.0, 211.0, 197.0, 177.0, 172.0, 26.0, 153.0, 160.0, 84.0, 114.0, 52.0, 253.0, 228.0, 201.0, 167.0, 174.0, 206.0, 201.0, 162.0, 77.0, 6.0, 180.0, 183.0]]
[ [161.0, 51.0, 45.0, 49.0, 248.0, 243.0, 137.0, 68.0, 236.0, 127.0, 167.0, 238.0, 23.0, 250.0, 254.0, 93.0, 80.0, 222.0, 16.0, 212.0, 226.0, 23.0, 88.0, 68.0, 175.0, 144.0, 61.0, 112.0, 218.0, 200.0, 195.0, 109.0, 107.0, 244.0, 12.0, 189.0, 188.0, 53.0, 180.0, 217.0, 230.0, 66.0, 41.0, 45.0, 127.0, 45.0, 106.0, 5.0, 44.0, 128.0]]
[ [160.0, 128.0, 164.0, 39.0, 56.0, 7.0, 5.0, 139.0, 78.0, 6.0, 213.0, 141.0, 54.0, 115.0, 228.0, 123.0, 131.0, 146.0, 143.0, 151.0, 153.0, 228.0, 218.0, 40.0, 93.0, 23.0, 182.0, 106.0, 242.0, 208.0, 108.0, 116.0, 130.0, 96.0, 94.0, 110.0, 66.0, 79.0, 142.0, 190.0, 69.0, 245.0, 169.0, 155.0, 242.0, 59.0, 45.0, 7.0, 120.0, 83.0]]
[ [173.0, 254.0, 113.0, 189.0, 181.0, 117.0, 120.0, 65.0, 117.0, 239.0, 95.0, 247.0, 186.0, 65.0, 120.0, 217.0, 206.0, 32.0, 14.0, 3.0, 121.0, 171.0, 80.0, 62.0, 64.0, 62.0, 51.0, 223.0, 44.0, 32.0, 147.0, 192.0, 203.0, 251.0, 175.0, 45.0, 78.0, 174.0, 29.0, 69.0, 49.0, 14.0, 111.0, 250.0, 200.0, 200.0, 205.0, 94.0, 110.0, 52.0]]
[ [116.0, 198.0, 174.0, 147.0, 133.0, 103.0, 180.0, 84.0, 89.0, 36.0, 147.0, 33.0, 58.0, 115.0, 159.0, 157.0, 172.0, 49.0, 205.0, 160.0, 85.0, 129.0, 203.0, 238.0, 218.0, 4.0, 228.0, 237.0, 73.0, 173.0, 150.0, 198.0, 124.0, 228.0, 80.0, 228.0, 233.0, 147.0, 31.0, 229.0, 70.0, 220.0, 25.0, 156.0, 172.0, 60.0, 181.0, 241.0, 243.0, 179.0]]
[ [99.0, 224.0, 191.0, 40.0, 163.0, 152.0, 36.0, 225.0, 245.0, 91.0, 133.0, 237.0, 20.0, 85.0, 53.0, 117.0, 204.0, 113.0, 235.0, 28.0, 17.0, 76.0, 196.0, 26.0, 94.0, 40.0, 168.0, 163.0, 248.0, 175.0, 194.0, 179.0, 206.0, 80.0, 119.0, 12.0, 139.0, 217.0, 182.0, 14.0, 106.0, 238.0, 26.0, 55.0, 209.0, 129.0, 243.0, 48.0, 247.0, 223.0]]
[ [221.0, 56.0, 34.0, 103.0, 113.0, 179.0, 5.0, 249.0, 59.0, 15.0, 130.0, 152.0, 44.0, 107.0, 52.0, 25.0, 59.0, 182.0, 27.0, 107.0, 192.0, 89.0, 154.0, 46.0, 31.0, 250.0, 239.0, 163.0, 118.0, 123.0, 193.0, 209.0, 223.0, 32.0, 37.0, 94.0, 184.0, 160.0, 127.0, 232.0, 29.0, 19.0, 49.0, 251.0, 99.0, 225.0, 206.0, 166.0, 70.0, 62.0]]
[ [229.0, 232.0, 99.0, 154.0, 27.0, 109.0, 140.0, 206.0, 231.0, 228.0, 128.0, 39.0, 247.0, 78.0, 198.0, 58.0, 126.0, 104.0, 77.0, 176.0, 3.0, 73.0, 48.0, 94.0, 116.0, 236.0, 179.0, 117.0, 225.0, 28.0, 96.0, 106.0, 10.0, 20.0, 168.0, 251.0, 128.0, 7.0, 235.0, 37.0, 50.0, 48.0, 76.0, 104.0, 151.0, 236.0, 130.0, 202.0, 25.0, 44.0]]
[ [186.0, 11.0, 60.0, 39.0, 141.0, 211.0, 226.0, 163.0, 158.0, 223.0, 138.0, 207.0, 178.0, 147.0, 182.0, 233.0, 188.0, 95.0, 15.0, 52.0, 239.0, 103.0, 229.0, 166.0, 114.0, 127.0, 52.0, 47.0, 114.0, 170.0, 131.0, 38.0, 110.0, 15.0, 36.0, 91.0, 179.0, 66.0, 8.0, 142.0, 164.0, 37.0, 220.0, 51.0, 198.0, 200.0, 241.0, 247.0, 245.0, 84.0]]
[ [232.0, 254.0, 82.0, 236.0, 220.0, 230.0, 181.0, 151.0, 234.0, 171.0, 56.0, 133.0, 158.0, 156.0, 215.0, 2.0, 145.0, 253.0, 76.0, 74.0, 3.0, 137.0, 53.0, 6.0, 204.0, 201.0, 72.0, 195.0, 93.0, 145.0, 33.0, 30.0, 23.0, 211.0, 162.0, 96.0, 216.0, 219.0, 56.0, 93.0, 101.0, 97.0, 137.0, 20.0, 127.0, 160.0, 10.0, 22.0, 246.0, 179.0]]
[ [9.0, 221.0, 83.0, 203.0, 74.0, 84.0, 115.0, 140.0, 0.0, 21.0, 79.0, 64.0, 163.0, 90.0, 29.0, 55.0, 83.0, 13.0, 43.0, 97.0, 152.0, 199.0, 123.0, 214.0, 107.0, 229.0, 231.0, 157.0, 107.0, 70.0, 208.0, 99.0, 27.0, 238.0, 117.0, 248.0, 43.0, 206.0, 25.0, 89.0, 131.0, 34.0, 199.0, 15.0, 206.0, 176.0, 107.0, 8.0, 178.0, 133.0]]
[ [94.0, 108.0, 125.0, 147.0, 206.0, 110.0, 118.0, 37.0, 220.0, 244.0, 230.0, 129.0, 74.0, 185.0, 194.0, 184.0, 180.0, 231.0, 212.0, 229.0, 154.0, 213.0, 24.0, 91.0, 209.0, 23.0, 19.0, 32.0, 70.0, 240.0, 59.0, 52.0, 86.0, 8.0, 2.0, 251.0, 13.0, 125.0, 139.0, 241.0, 234.0, 37.0, 44.0, 179.0, 136.0, 16.0, 119.0, 59.0, 200.0, 143.0]]
[ [148.0, 249.0, 150.0, 78.0, 99.0, 64.0, 188.0, 223.0, 114.0, 95.0, 164.0, 98.0, 177.0, 87.0, 129.0, 212.0, 145.0, 26.0, 57.0, 153.0, 131.0, 164.0, 124.0, 2.0, 123.0, 29.0, 51.0, 53.0, 42.0, 80.0, 173.0, 165.0, 66.0, 146.0, 245.0, 27.0, 58.0, 168.0, 190.0, 13.0, 187.0, 203.0, 118.0, 195.0, 167.0, 219.0, 126.0, 100.0, 169.0, 144.0]]
[ [130.0, 168.0, 88.0, 184.0, 222.0, 116.0, 112.0, 131.0, 164.0, 137.0, 34.0, 234.0, 64.0, 105.0, 169.0, 254.0, 56.0, 249.0, 64.0, 200.0, 110.0, 216.0, 12.0, 116.0, 231.0, 38.0, 211.0, 151.0, 203.0, 19.0, 2.0, 205.0, 52.0, 42.0, 68.0, 155.0, 89.0, 75.0, 95.0, 177.0, 76.0, 254.0, 238.0, 248.0, 22.0, 20.0, 150.0, 249.0, 34.0, 228.0]]
[ [175.0, 139.0, 166.0, 210.0, 36.0, 190.0, 3.0, 43.0, 189.0, 119.0, 236.0, 191.0, 170.0, 158.0, 51.0, 67.0, 97.0, 26.0, 248.0, 150.0, 182.0, 211.0, 202.0, 118.0, 241.0, 107.0, 29.0, 135.0, 19.0, 181.0, 42.0, 238.0, 224.0, 159.0, 70.0, 124.0, 252.0, 14.0, 92.0, 118.0, 77.0, 7.0, 157.0, 240.0, 125.0, 100.0, 137.0, 253.0, 55.0, 198.0]]
[ [101.0, 20.0, 235.0, 32.0, 52.0, 246.0, 13.0, 233.0, 120.0, 146.0, 70.0, 232.0, 68.0, 146.0, 14.0, 214.0, 82.0, 35.0, 33.0, 23.0, 20.0, 73.0, 169.0, 221.0, 127.0, 246.0, 142.0, 141.0, 136.0, 77.0, 205.0, 222.0, 108.0, 36.0, 110.0, 98.0, 7.0, 61.0, 218.0, 151.0, 30.0, 120.0, 127.0, 66.0, 121.0, 2.0, 201.0, 65.0, 247.0, 143.0]]
[ [98.0, 52.0, 223.0, 181.0, 242.0, 118.0, 197.0, 105.0, 243.0, 177.0, 248.0, 79.0, 172.0, 70.0, 162.0, 201.0, 40.0, 202.0, 88.0, 56.0, 4.0, 154.0, 187.0, 25.0, 234.0, 228.0, 206.0, 250.0, 176.0, 154.0, 239.0, 252.0, 67.0, 91.0, 116.0, 236.0, 89.0, 232.0, 103.0, 154.0, 132.0, 245.0, 215.0, 67.0, 93.0, 250.0, 167.0, 65.0, 2.0, 155.0]]
[ [168.0, 207.0, 58.0, 171.0, 77.0, 70.0, 109.0, 64.0, 255.0, 132.0, 213.0, 102.0, 198.0, 227.0, 180.0, 37.0, 239.0, 45.0, 11.0, 6.0, 83.0, 115.0, 245.0, 23.0, 48.0, 201.0, 229.0, 142.0, 137.0, 155.0, 244.0, 50.0, 240.0, 147.0, 55.0, 93.0, 10.0, 202.0, 46.0, 248.0, 138.0, 69.0, 103.0, 106.0, 126.0, 11.0, 153.0, 107.0, 166.0, 210.0]]
[ [120.0, 98.0, 27.0, 65.0, 229.0, 183.0, 122.0, 208.0, 176.0, 41.0, 207.0, 227.0, 30.0, 211.0, 94.0, 197.0, 104.0, 127.0, 0.0, 154.0, 65.0, 44.0, 139.0, 190.0, 10.0, 219.0, 27.0, 108.0, 148.0, 243.0, 231.0, 243.0, 117.0, 180.0, 176.0, 238.0, 83.0, 76.0, 14.0, 208.0, 126.0, 146.0, 159.0, 96.0, 106.0, 223.0, 65.0, 62.0, 163.0, 45.0]]
[ [249.0, 179.0, 0.0, 191.0, 232.0, 13.0, 112.0, 216.0, 132.0, 93.0, 160.0, 187.0, 54.0, 48.0, 174.0, 42.0, 142.0, 38.0, 244.0, 89.0, 44.0, 182.0, 198.0, 181.0, 133.0, 79.0, 55.0, 205.0, 165.0, 176.0, 127.0, 251.0, 32.0, 40.0, 143.0, 17.0, 78.0, 175.0, 169.0, 166.0, 81.0, 143.0, 236.0, 79.0, 106.0, 14.0, 255.0, 28.0, 247.0, 229.0]]
[ [1.0, 78.0, 17.0, 17.0, 16.0, 55.0, 92.0, 186.0, 140.0, 130.0, 35.0, 201.0, 194.0, 205.0, 232.0, 216.0, 3.0, 175.0, 131.0, 184.0, 168.0, 51.0, 244.0, 85.0, 131.0, 190.0, 75.0, 120.0, 24.0, 159.0, 166.0, 254.0, 222.0, 163.0, 161.0, 255.0, 201.0, 138.0, 221.0, 216.0, 86.0, 126.0, 97.0, 175.0, 104.0, 209.0, 178.0, 88.0, 180.0, 116.0]]
[ [130.0, 13.0, 134.0, 97.0, 195.0, 184.0, 65.0, 158.0, 23.0, 219.0, 4.0, 134.0, 135.0, 1.0, 54.0, 162.0, 26.0, 80.0, 19.0, 3.0, 67.0, 116.0, 42.0, 87.0, 193.0, 90.0, 193.0, 29.0, 178.0, 128.0, 61.0, 165.0, 239.0, 24.0, 254.0, 139.0, 98.0, 217.0, 139.0, 162.0, 124.0, 92.0, 5.0, 65.0, 240.0, 22.0, 249.0, 116.0, 99.0, 108.0]]
[ [10.0, 129.0, 160.0, 232.0, 28.0, 17.0, 196.0, 73.0, 42.0, 116.0, 155.0, 48.0, 157.0, 124.0, 88.0, 126.0, 156.0, 221.0, 22.0, 35.0, 82.0, 79.0, 127.0, 177.0, 73.0, 39.0, 219.0, 68.0, 200.0, 206.0, 98.0, 114.0, 6.0, 10.0, 67.0, 35.0, 11.0, 200.0, 155.0, 26.0, 227.0, 175.0, 136.0, 185.0, 8.0, 174.0, 196.0, 72.0, 45.0, 233.0]]
[ [109.0, 195.0, 224.0, 59.0, 220.0, 19.0, 247.0, 157.0, 156.0, 165.0, 69.0, 229.0, 234.0, 26.0, 78.0, 247.0, 202.0, 59.0, 14.0, 42.0, 109.0, 121.0, 116.0, 76.0, 166.0, 123.0, 221.0, 97.0, 31.0, 22.0, 224.0, 1.0, 208.0, 245.0, 236.0, 107.0, 79.0, 204.0, 25.0, 172.0, 162.0, 4.0, 208.0, 18.0, 182.0, 204.0, 209.0, 31.0, 84.0, 10.0]]
[ [84.0, 82.0, 201.0, 240.0, 52.0, 160.0, 32.0, 39.0, 68.0, 24.0, 229.0, 196.0, 169.0, 214.0, 112.0, 150.0, 122.0, 60.0, 83.0, 226.0, 217.0, 115.0, 173.0, 108.0, 45.0, 161.0, 247.0, 121.0, 75.0, 145.0, 73.0, 97.0, 28.0, 104.0, 204.0, 15.0, 104.0, 49.0, 204.0, 54.0, 251.0, 21.0, 175.0, 21.0, 85.0, 228.0, 29.0, 139.0, 2.0, 106.0]]
[ [205.0, 104.0, 158.0, 1.0, 17.0, 34.0, 141.0, 104.0, 242.0, 176.0, 106.0, 68.0, 86.0, 57.0, 49.0, 167.0, 123.0, 117.0, 115.0, 177.0, 25.0, 9.0, 196.0, 180.0, 10.0, 209.0, 217.0, 21.0, 113.0, 109.0, 94.0, 167.0, 46.0, 221.0, 125.0, 27.0, 113.0, 140.0, 135.0, 127.0, 46.0, 114.0, 110.0, 87.0, 247.0, 130.0, 107.0, 41.0, 196.0, 58.0]]
[ [171.0, 34.0, 186.0, 53.0, 3.0, 49.0, 23.0, 231.0, 97.0, 53.0, 229.0, 9.0, 7.0, 70.0, 129.0, 51.0, 131.0, 88.0, 127.0, 133.0, 123.0, 188.0, 185.0, 61.0, 184.0, 84.0, 48.0, 239.0, 191.0, 18.0, 191.0, 40.0, 61.0, 155.0, 157.0, 130.0, 1.0, 108.0, 142.0, 14.0, 137.0, 164.0, 74.0, 42.0, 19.0, 130.0, 238.0, 238.0, 92.0, 49.0]]
[ [58.0, 160.0, 213.0, 93.0, 242.0, 218.0, 225.0, 249.0, 222.0, 93.0, 88.0, 141.0, 143.0, 100.0, 174.0, 56.0, 149.0, 15.0, 87.0, 29.0, 128.0, 90.0, 97.0, 210.0, 22.0, 45.0, 133.0, 206.0, 43.0, 229.0, 204.0, 110.0, 53.0, 211.0, 191.0, 103.0, 115.0, 102.0, 186.0, 252.0, 45.0, 59.0, 49.0, 26.0, 130.0, 227.0, 121.0, 167.0, 78.0, 39.0]]
[ [7.0, 4.0, 119.0, 90.0, 156.0, 251.0, 31.0, 235.0, 92.0, 202.0, 96.0, 27.0, 140.0, 120.0, 82.0, 22.0, 192.0, 63.0, 124.0, 25.0, 208.0, 102.0, 177.0, 137.0, 198.0, 186.0, 220.0, 70.0, 60.0, 227.0, 2.0, 70.0, 187.0, 128.0, 94.0, 35.0, 127.0, 172.0, 49.0, 98.0, 246.0, 58.0, 247.0, 50.0, 243.0, 21.0, 138.0, 104.0, 189.0, 238.0]]

